91.2727
140.191
112.647
120.493
244.25
217.982
183.324
202.086
107.94
116.536
121.49
120.299
114.937
66.2087
130.211
94.5505
226.301
158.615
160.43
173.127
197.96
211.774
366.873
152.464
145.894
177.261
172.644
178.729
121.663
97.1512
269.312
160.323
166.337
172.119
162.061
187.308
229.587
182.935
143.079
171.411
160.924
169.443
180.519
185.567
195.341
177.768
171.481
186.209
191.098
176.406
167.092
97.9001
109.627
174.852
106.219
151.171
174.772
186.469
140.76
189.284
164.42
177.277
301.897
143.579
132.013
160.503
147.506
156.532
143.006
80.5366
115.987
151.943
183.855
151.161
226.804
124.485
155.822
177.727
186.698
202.905
188.603
137.297
159.355
199.949
167.56
144.533
168.213
139.76
243.947
316.007
166.341
161.021
292.426
186.09
216.171
260.985
176.308
249.361
299.224
302.776
213.791
198.69
241.175
252.284
431.487
497.098
298.778
203.588
176.142
186.566
185.492
213.366
186.259
273.514
330.06
299.577
152.423
161.134
310.788
231.172
178.252
179.221
245.605
131.302
163.156
145.028
103.251
119.301
103.698
95.6875
144.564
122.966
119.117
222.747
173.586
267.487
231.537
585.6
148.652
201.207
208.297
203.035
182.126
138.771
141.548
172.314
201.056
198.895
122.114
